1000011 | 0000011 0010011 0000011 | 0100100 | Cywilizacja | 0110111 | 0001001 0101011 0011001 | 0001001 1000100 .
1101110 | 0011010 0000100 0100100 | 0000000 | Cywilizacja | 0000101 | 0000110 0000010 0000010 | 0001010 1011000 .

0100011 | 0000011 0000011 0011001 | 0100100 | 0001011 1111001 , 1110100 0000011 | 0011000 0011011 0010000 | 1100111 0011001 | 0001011 1111001 | 0100011 | 0000011 0000011 0011001
0100110 | 0011100 0000010 0000010 | 0000000 | 0111010 1011010 , 1100101 0100100 | 0011000 0011010 0100100 | 1100110 0000010 | 0111010 1011010 | 0100110 | 0011100 0000010 0000010

0100100 | 1101101 0000011 0001011 . 0100011 | 1000011 0000011 0000011 | 0101011 0001011 0001011 0000011 | 0100111 | 1101011 0001011 0001011 0011001 0001011 | 0110111
0000000 | 1000010 0011010 0100010 . 0100110 | 1011110 0000010 0100100 | 0100010 0000100 0011010 0100100 | 0100110 | 1111010 0000100 0011010 0000010 0100010 | 0000101

0100111 | Krucyfiks , 1110100 0000011 | 0110100 1000111 0001011 1011001 0000011 | 0100111 | 0001001 0100011 1010100
0100110 | Krucyfiks , 1100101 0100100 | 0100101 1111100 0100010 1010010 0100100 | 0100110 | 0000010 0000010 1111100

0110000 1010101 | 0110111 | 1101011 1100111 0011001 1100000 . 0100011 | 1010011 0010000 1010101 0000011 | 1111101 | 0100111 | 0101101 | 1111101
0100100 1011010 | 0000101 | 1011010 1000011 0011011 1011000 . 0100110 | 1011100 0100100 1011010 0100100 | 1010010 | 0100110 | 0111010 | 1101110

1110100 0000011 | 1101011 0011001 | 0001001 1000100 | 0001001 0101111 0000000 | 0100111 | 0001011 0101001 0001011 0010011 | 1100011 0011001 1111000 0010000 .
1100101 0100100 | 1100010 0000010 | 0001010 1011000 | 0100010 0000010 0100100 | 0100110 | 0100010 0000010 0111010 0000110 | 1011100 0000010 1011000 0100100 .

-
-

1110111 | 0010011 | 1110111 1111111 1000011 , 1110100 | 0100111 1101111 0011011 | 1100111 0000011 | 0001001 1000100 | 0111100 0010011 | 0000011 0001011 0101111 1010111 0000011 .
1000111 | 0011111 | 1010010 1110100 1010011 , 1100101 | 0000011 1010011 0111111 | 1011011 0100100 | 0001010 1011000 | 0000000 0000110 | 0111100 0100010 0000100 1011100 0100100 .

1101001 1001011 0000011 0010011 | 0110111 | 1001011 0000011 0001001 , 0110100 1100011 0000011 | 0010011 0111111 0010000 0010011 | 0110111 | 0100111 | 0001001 1110111 1010101 ,
1100010 1110010 0000010 0000110 | 0000101 | 1111010 0000010 0100010 , 0100101 1011011 0100100 | 0011100 0100100 0100100 0000110 | 0000101 | 0100110 | 0100010 1010010 1011010 ,

1010000 1111101 0000000 0000011 | 1110100 0000011 | 1101111 0001011 0011001 | 0010000 1111101 | 0101111 1101011 0101101 0001101 | 1110100 0000011 | 1000011 1100011 .
1111101 1010010 0100100 0100100 | 1100101 0100100 | 1000100 0100010 0000010 | 0111101 1010010 | 0111010 1000100 0100010 0000110 | 1100101 0100100 | 1001100 1111101 .

0100100 | 1100011 1010111 | 0010000 | 0100111 | 1101111 1110000 0010000 1001011 0000011 | 0001001 0100011 0010000 , 0100100 | 0001011 1111101 0001011 | 0110111
0000000 | 1011010 1011100 | 0111101 | 0100110 | 1000100 1100100 0111100 1010100 0000010 | 0000010 0000010 0100100 , 0000000 | 0100010 1011010 0000010 | 0000101

1101101 1011001 0010000 1011001 0000011 . 1001101 1100111 0001001 0001011 | 0011001 | 0010011 | 0100111 | 0101001 1000011 0000011 0000011 | 0001001 0001111 0010011 ,
1011010 1011010 0100100 1110110 0000010 . 1011010 1000110 0000010 0100010 | 0011011 | 0011111 | 0100110 | 0100010 1010100 0000010 0100100 | 0000010 0000010 0000110 ,

Moc przezwyciężenia śmierci .
Moc przezwyciężenia śmierci .
